%YAML:1.0
---
cameraMatrix: !!opencv-matrix
   rows: 3
   cols: 3
   dt: d
   data: [ 1.0663267803830854e+03, 0., 1.0046692690324647e+03, 0.,
       1.0680405446441382e+03, 5.1191283644459998e+02, 0., 0., 1. ]
distortionCoefficients: !!opencv-matrix
   rows: 1
   cols: 5
   dt: d
   data: [ 3.2985134340574221e-02, 1.2149468046112482e-02,
       -2.3741749044066660e-03, 4.5618663388473707e-03,
       -5.5167093878691668e-02 ]
rotation: !!opencv-matrix
   rows: 3
   cols: 3
   dt: d
   data: [ 1., 0., 0., 0., 1., 0., 0., 0., 1. ]
projection: !!opencv-matrix
   rows: 4
   cols: 4
   dt: d
   data: [ 1.0663267803830854e+03, 0., 1.0046692690324647e+03, 0., 0.,
       1.0680405446441382e+03, 5.1191283644459998e+02, 0., 0., 0., 1.,
       0., 0., 0., 0., 1. ]
