%YAML:1.0
---
depthShift: -1.6660229699392360e+01
