%YAML:1.0
---
cameraMatrix: !!opencv-matrix
   rows: 3
   cols: 3
   dt: d
   data: [ 3.7049519077710187e+02, 0., 2.5952175453598727e+02, 0.,
       3.7106815700343486e+02, 2.0263285867666215e+02, 0., 0., 1. ]
distortionCoefficients: !!opencv-matrix
   rows: 1
   cols: 5
   dt: d
   data: [ 1.0637766084129188e-01, -2.2868139792514061e-01,
       -8.8626246057303844e-04, 3.5211323664853509e-03,
       1.0401836366094383e-02 ]
rotation: !!opencv-matrix
   rows: 3
   cols: 3
   dt: d
   data: [ 1., 0., 0., 0., 1., 0., 0., 0., 1. ]
projection: !!opencv-matrix
   rows: 4
   cols: 4
   dt: d
   data: [ 3.7049519077710187e+02, 0., 2.5952175453598727e+02, 0., 0.,
       3.7106815700343486e+02, 2.0263285867666215e+02, 0., 0., 0., 1.,
       0., 0., 0., 0., 1. ]
