%YAML:1.0
---
rotation: !!opencv-matrix
   rows: 3
   cols: 3
   dt: d
   data: [ 9.9995550296795022e-01, -4.7512528431035775e-03,
       -8.1497043219158349e-03, 4.8025467718715662e-03,
       9.9996871049838398e-01, 6.2859819203679151e-03,
       8.1195830322584595e-03, -6.3248415490118389e-03,
       9.9994703297262810e-01 ]
translation: !!opencv-matrix
   rows: 3
   cols: 1
   dt: d
   data: [ -5.1768685272162218e-02, 1.3750167575157944e-03,
       -2.5666916143665276e-03 ]
essential: !!opencv-matrix
   rows: 3
   cols: 3
   dt: d
   data: [ 2.3491219260362073e-05, 2.5579145407465887e-03,
       1.3910781040486302e-03, -2.1462372656693247e-03,
       -3.1523373071695975e-04, 5.1786861016535027e-02,
       -1.6235771056889239e-03, -5.1760532403522276e-02,
       -3.1421103965059531e-04 ]
fundamental: !!opencv-matrix
   rows: 3
   cols: 3
   dt: d
   data: [ 1.7063006888011062e-08, 1.8550897512861398e-06,
       -5.9749649911379623e-06, -1.5564325900925647e-06,
       -2.2825177004799419e-07, 1.4364267472892532e-02,
       -4.7790005534330287e-04, -4.1775280446129076e-02,
       9.9999999999999989e-01 ]
